omega_r           0.25
rho_min =               0
rho_max =              20
Number of steps =             100
ground state energy =      1.2492414
Eigenvector corresponding to lowest eigenvalue:
0.023465874
0.050431234
0.079938794
0.11087617
0.14204168
0.17221592
0.20023364
0.22505008
0.24579709
0.26182507
0.27272828
0.27835272
0.2787872
0.2743395
0.26550084
0.25290224
0.23726686
0.21936215
0.1999552
0.17977411
0.15947709
0.13963038
0.12069509
0.10302231
0.086855528
0.072338746
0.059528679
0.048409492
0.038908536
0.030911847
0.02427849
0.018853058
0.014475996
0.010991616
0.0082538781
0.006130169
0.0045033625
0.0032725144
0.0023525275
0.0016731042
0.0011772576
0.00081960407
0.00056460323
0.00038486702
0.00025961309
0.00017330471
0.00011449348
7.4860999e-05
4.8445403e-05
3.1030397e-05
1.9673242e-05
1.2346236e-05
7.6696368e-06
4.7164681e-06
2.8712462e-06
1.7303532e-06
1.0323484e-06
6.097386e-07
3.5656312e-07
2.0648305e-07
1.1843267e-07
6.7270406e-08
3.7803953e-08
2.1051749e-08
1.1594674e-08
6.316455e-09
3.4162452e-09
1.7878027e-09
8.9405419e-10
4.435881e-10
2.0573189e-10
1.4149283e-10
6.9664824e-11
9.0250512e-11
3.1027802e-11
2.1224763e-11
3.1784036e-11
9.3377012e-11
5.5660877e-11
1.4455813e-10
7.3271976e-11
4.7323592e-11
2.7687685e-11
1.4872528e-11
2.901622e-11
1.3755596e-11
4.0777745e-11
-9.5128267e-13
-1.5803352e-11
-5.5021004e-11
-3.4148892e-11
-1.3503948e-11
-1.8606993e-11
5.3321499e-11
2.8673479e-11
7.5298586e-12
-4.4166354e-12
-3.7555668e-11
-2.0998953e-11
-3.5303023e-11

